7
17
22
24
30
34
35
45
51
53
55
65
68
71
81
93
94
96
99
128
132
149
151
155
161
177
184
192
196
198
199
201
206
222
224
226
235
237
239
240
242
243
244
249
260
262
282
286
289
293
313
315
319
324
329
333
334
354
355
358
361
363
378
380
384
396
397
399
405
406
411
412
415
416
434
436
442
451
459
464
476
478
495
500
503
505
506
507
512
513
518
529
534
570
571
573
574
586
589
592
600
604
605
606
608
615
616
632
639
642
653
658
672
678
696
697
700
704
714
717
718
723
728
731
734
742
743
744
748
760
763
786
797
818
821
825
827
834
841
844
850
854
892
916
934
936
940
945
948
952
959
964
970
971
973
974
983
993
994
997
1028
1030
1061
1092
1119
1124
1126
1134
1137
1148
1152
1155
1156
1163
1165
1167
1177
1178
1182
1183
1184
1185
1187
1193
1194
1197
1204
1210
1221
1222
1241
1257
1260
1261
1263
1269
1270
1272
1273
1279
1283
1284
1285
1287
1288
1297
1299
1300
1307
1320
1323
1324
1325
1339
1341
1347
1350
1375
1404
1405
1409
1413
1425
1431
1433
1435
1449
1455
1457
1460
1476
1491
1494
1498
1503
1524
1535
1536
1544
1547
1548
1551
1552
1560
1562
1568
1571
1574
1577
1578
1586
1600
1604
1613
1618
1624
1632
1640
1641
1645
1646
1647
1650
1657
1675
1679
1684
1685
1689
1696
1703
1712
1716
1717
1731
1740
1742
1750
1753
1754
1761
1770
1777
1786
1787
1788
1800
1802
1804
1809
1817
1819
1820
1824
1836
1842
1866
1868
1871
1872
1874
1879
1880
1904
1909
1910
1915
1919
1920
1921
1939
1941
1953
1965
1966
1971
1973
1974
1977
1980
1981
1986
1987
1993
1998
2024
2025
2040
2043
2044
2045
2050
2056
2061
2062
2073
2074
2080
2089
2099
2104
2108
2109
2112
2125
2126
2148
2152
2166
2183
2184
2186
2192
2200
2203
2204
2223
2226
2227
2229
2250
2258
2263
2267
2271
2275
2283
2291
2296
2302
2314
2320
2327
2334
2336
2338
2350
2354
2358
2375
2380
2398
2406
2413
2421
2432
2439
2463
2464
2478
2496
2504
2506
2507
2509
2510
2515
2520
2529
2533
2535
2537
2542
2546
2557
2565
2573
2579
2582
2585
2588
2596
2600
2609
2615
2625
2626
2628
2651
2654
2659
2661
2669
2680
2693
2696
2705
2707
2708
2714
2715
2742
2745
2749
2751
2762
2765
2770
2772
2779
2784
2787
2793
2794
2802
2806
2807
2818
2823
2825
2833
2835
2859
2860
2861
2863
2878
2879
2881
2893
2908
2909
2913
2918
2922
2935
2957
2963
2972
2973
2975
2983
2990
2995
2996
3007
3010
3038
3043
3051
3053
3057
3067
3074
3078
3079
3098
3101
3119
3131
3145
3147
3159
3165
3174
3183
3184
3188
3206
3211
3217
3219
3227
3228
3232
3257
3279
3280
3281
3285
3287
3288
3294
3295
3313
3314
3315
3321
3335
3340
3341
3346
3353
3354
3365
3369
3374
3378
3393
3395
3410
3415
3418
3421
3423
3424
3435
3443
3447
3453
3459
3478
3502
3504
3506
3507
3534
3544
3552
3556
3559
3560
3566
3569
3572
3575
3586
3587
3588
3594
3600
3611
3616
3617
3621
3627
3645
3663
3669
3672
3673
3700
3707
3708
3712
3715
3720
3723
3730
3733
3749
3753
3762
3772
3783
3796
3798
3808
3810
3813
3832
3834
3837
3841
3845
3852
3853
3860
3864
3869
3870
3891
3894
3897
3901
3903
3906
3907
3909
3914
3918
3924
3925
3929
3932
3933
3935
3936
3941
3946
3947
3951
3952
3953
3956
3960
3970
3974
3985
3987
3989
3994
3995
4006
4042
4050
4053
4056
4057
4062
4063
4067
4069
4071
4080
4082
4088
4099
4105
4112
4117
4118
4122
4123
4126
4127
4142
4170
4173
4174
4182
4184
4187
4198
4204
4207
4223
4231
4234
4236
4241
4242
4247
4251
4260
4294
4297
4301
4306
4308
4314
4323
4324
4326
4327
4342
4345
4367
4411
4422
4429
4453
4455
4471
4482
4483
4501
4502
4503
4504
4508
4509
4510
4535
4548
4560
4562
4565
4572
4583
4584
4585
4586
4624
4638
4658
4661
4662
4664
4665
4683
4687
4689
4691
4693
4695
4711
4715
4717
4720
4722
4727
4734
4745
4750
4752
4754
4760
4762
4763
4765
4777
4790
4796
4800
4811
4813
4814
4820
4821
4823
4826
4827
4830
4832
4840
4842
4846
4848
4859
4862
4863
4873
4880
4883
4889
4911
4913
4931
4932
4945
4955
4963
4973
4981
4982
4991
4992
4993
5000
5010
5013
5020
5021
5023
5030
5032
5034
5041
5049
5051
5055
5063
5089
5095
5097
5114
5116
5125
5127
5135
5147
5153
5155
5160
5170
5172
5176
5184
5204
5211
5215
5225
5226
5243
5244
5248
5250
5252
5255
5270
5282
5284
5285
5293
5305
5306
5315
5316
5317
5318
5319
5320
5325
5327
5331
5333
5337
5344
5350
5363
5370
5372
5377
5385
5387
5390
5397
5398
5426
5449
5458
5464
5470
5472
5473
5477
5484
5488
5492
5498
5504
5507
5508
5515
5533
5540
5557
5561
5565
5571
5576
5578
5583
5588
5594
5615
5616
5619
5621
5625
5627
5636
5645
5653
5654
5659
5669
5670
5679
5686
5689
5690
5692
5704
5708
5714
5715
5716
5720
5722
5727
5729
5730
5735
5741
5745
5747
5748
5752
5755
5756
5760
5772
5778
5798
5799
5806
5809
5831
5838
5841
5844
5847
5858
5859
5866
5888
5891
5916
5921
5924
5927
5937
5942
5947
5952
5958
5962
5964
5974
5977
5984
5986
5987
5992
5995
6005
6008
6017
6039
6040
6041
6047
6048
6065
6068
6071
6080
6086
6089
6096
6101
6115
6122
6139
6151
6159
6164
6168
6170
6175
6177
6179
6182
6202
6209
6213
6214
6216
6219
6227
6231
6246
6253
6254
6269
6274
6282
6287
6295
6302
6303
6304
6309
6315
6316
6317
6321
6325
6333
6334
6337
6349
6357
6360
6362
6366
6367
6385
6394
6407
6416
6421
6424
6425
6432
6437
6451
6461
6468
6470
6473
6478
6489
6493
6510
6511
6512
6515
6521
6544
6545
6546
6549
6556
6559
6567
6572
6586
6594
6607
6610
6619
6620
6625
6628
6633
6641
6644
6663
6666
6668
6669
6672
6674
6678
6680
6684
6695
6700
6702
6706
6708
6731
6761
6771
6777
6792
6800
6803
6804
6807
6811
6814
6831
6833
6834
6840
6844
6849
6850
6853
6854
6868
6875
6878
6884
6885
6886
6889
6892
6893
6895
6896
6897
6898
6901
6902
6905
6913
6917
6931
6932
6939
6947
6950
6952
6964
6966
6967
6983
6990
6995
6996
7001
7020
7025
7037
7040
7043
7063
7074
7080
7083
7090
7091
7101
7109
7117
7120
7122
7129
7135
7139
7141
7144
7151
7152
7160
7162
7174
7179
7196
7222
7226
7237
7251
7252
7254
7265
7272
7274
7286
7289
7292
7298
7302
7309
7314
7318
7320
7339
7340
7341
7348
7366
7370
7380
7382
7386
7393
7400
7404
7419
7430
7433
7434
7441
7442
7456
7460
7464
7466
7470
7473
7483
7487
7488
7490
7511
7512
7518
7526
7537
7553
7559
7562
7569
7573
7576
7584
7592
7594
7601
7606
7611
7613
7614
7616
7618
7621
7624
7634
7639
7641
7642
7654
7655
7664
7676
7697
7711
7716
7719
7720
7721
7735
7741
7765
7768
7769
7772
7775
7780
7802
7805
7812
7823
7848
7852
7859
7860
7867
7868
7874
7877
7879
7887
7893
7926
7939
7943
7945
7949
7959
7966
7968
7974
7982
7984
7989
7990
7991
7993
7995
8015
8016
8028
8033
8034
8037
8043
8047
8053
8054
8068
8074
8079
8085
8098
8100
8101
8109
8110
8115
8122
8124
8136
8140
8142
8143
8151
8162
8164
8178
8179
8182
8195
8198
8200
8201
8203
8213
8215
8216
8218
8220
8226
8246
8254
8259
8260
8268
8281
8288
8293
8297
8299
8304
8306
8312
8317
8318
8319
8320
8321
8323
8326
8338
8340
8348
8350
8352
8355
8361
8370
8384
8385
8394
8399
8408
8430
8434
8437
8441
8448
8449
8450
8451
8454
8456
8459
8467
8474
8476
8483
8486
8509
8510
8511
8512
8521
8526
8530
8538
8542
8544
8549
8558
8576
8580
8583
8586
8600
8603
8615
8616
8624
8627
8630
8634
8635
8636
8640
8641
8653
8666
8667
8668
8675
8678
8689
8697
8706
8713
8717
8732
8735
8742
8752
8767
8768
8771
8775
8778
8787
8792
8799
8804
8816
8818
8819
8826
8838
8850
8863
8874
8884
8889
8891
8898
8902
8908
8913
8915
8921
8924
8932
8935
8982
8992
8994
8997
9017
9021
9038
9043
9045
9047
9060
9070
9072
9074
9076
9088
9095
9111
9117
9119
9122
9126
9133
9139
9149
9156
9170
9187
9188
9191
9194
9196
9198
9201
9215
9220
9221
9223
9224
9227
9229
9239
9245
9253
9258
9274
9285
9299
9312
9318
9327
9328
9330
9332
9354
9356
9364
9370
9374
9376
9378
9381
9384
9385
9387
9388
9391
9397
9401
9402
9412
9413
9430
9438
9439
9442
9443
9446
9447
9453
9458
9462
9463
9469
9471
9476
9478
9480
9485
9504
9509
9510
9519
9522
9525
9532
9533
9534
9541
9546
9573
9584
9596
9597
9605
9606
9614
9615
9626
9627
9637
9644
9648
9666
9689
9692
9697
9698
9722
9723
9725
9729
9736
9745
9748
9760
9762
9764
9767
9769
9771
9793
9796
9801
9823
9829
9838
9843
9845
9851
9873
9883
9885
9886
9894
9896
9898
9902
9912
9922
9924
9926
9936
9945
9958
9970
9983
9988
9990
9991
10007
10008
10009
10018
10025
10038
10039
10042
10044
10048
10049
10052
10059
10063
10064
10069
10071
10076
10088
10089
10093
10095
10112
10115
10122
10126
10134
10149
10150
10157
10160
10163
10169
10171
10179
10182
10185
10195
10200
10201
10215
10217
10220
10226
10230
10234
10242
10249
10254
10256
10266
10268
10276
10286
10288
10303
10308
10310
10314
10331
10347
10354
10357
10363
10388
10391
10403
10404
10405
10417
10418
10425
10437
10440
10470
10478
10491
10496
10505
10509
10517
10524
10526
10529
10533
10538
10556
10563
10576
10580
10585
10588
10593
10606
10607
10609
10615
10621
10623
10633
10634
10678
10683
10685
10686
10689
10691
10692
10694
10697
10698
10699
10702
10703
10719
10722
10724
10725
10733
10749
10756
10762
10771
10780
10783
10788
10799
10803
10823
10824
10825
10829
10832
10836
10839
10840
10846
10848
10852
10858
10875
10884
10889
10890
10893
10895
10899
10920
10926
10928
10930
10931
10950
10956
10965
10972
10980
10986
10989
10990
10991
10996
10999
11009
11015
11022
11024
11026
11030
11033
11048
11056
11058
11059
11063
11065
11068
11069
11071
11085
11087
11097
11099
11101
11102
11122
11126
11127
11131
11132
11133
11141
11145
11175
11183
11193
11196
11198
11214
11219
11224
11239
11258
11259
11267
11276
11278
11280
11286
11289
11293
11298
11305
11307
11318
11322
11328
11330
11337
11342
11347
11348
11361
11364
11371
11389
11390
11395
11401
11406
11425
11434
11436
11440
11441
11443
11446
11467
11491
11498
11499
11500
11506
11510
11516
11522
11526
11544
11566
11568
11577
11582
11584
11586
11587
11589
11598
11603
11609
11610
11611
11618
11621
11623
11634
11645
11653
11663
11667
11672
11677
11686
11695
11699
11716
11717
11721
11748
11750
11751
11784
11789
11807
11812
11822
11824
11825
11830
11835
11838
11860
11876
11877
11883
11889
11893
11899
11922
11924
11927
11930
11933
11935
11938
11941
11946
11951
11981
11987
11998
12010
12018
12020
12023
12026
12033
12046
12053
12058
12060
12067
12072
12078
12080
12083
12091
12092
12097
12099
12103
12113
12118
12134
12146
12154
12155
12159
12160
12169
12175
12199
12200
12203
12210
12233
12245
12248
12250
12259
12263
12264
12281
12284
12288
12289
12291
12305
12315
12322
12326
12332
12334
12350
12354
12357
12369
12371
12380
12391
12393
12396
12406
12411
12428
12431
12439
12447
12452
12453
12455
12456
12469
12472
12486
12488
12503
12505
12514
12516
12520
12532
12535
12536
12546
12549
12575
12586
12591
12603
12611
12616
12619
12620
12622
12629
12632
12637
12643
12647
12651
12655
12661
12669
12670
12673
12687
12691
12699
12724
12726
12728
12729
12738
12750
12751
12755
12759
12771
12778
12782
12783
12785
12786
12788
12798
12808
12811
12817
12832
12846
12848
12864
12867
12870
12875
12882
12887
12888
12895
12898
12901
12906
12922
12926
12931
12932
12935
12943
12948
12950
12958
12959
12975
12979
12981
12987
12993
12996
13001
13003
13009
13011
13012
13013
13017
13032
13058
13070
13078
13079
13089
13094
13105
13111
13114
13121
13122
13135
13137
13140
13144
13182
13185
13191
13194
13196
13202
13204
13212
13213
13216
13218
13229
13230
13253
13258
13261
13270
13271
13282
13284
13288
13295
13296
13298
13299
13304
13306
13309
13318
13320
13328
13338
13345
13378
13389
13426
13431
13450
13470
13484
13485
13486
13487
13488
13490
13492
13497
13498
13506
13507
13513
13533
13536
13543
13548
13557
13559
13562
13563
13582
13596
13599
13623
13624
13627
13629
13632
13634
13640
13643
13646
13654
13663
13670
13673
13675
13681
13684
13693
13696
13698
13706
13712
13714
13717
13719
13725
13728
13730
13732
13741
13747
13752
13753
13760
13765
13769
13770
13772
13780
13784
13793
13799
13802
13806
13815
13819
13847
13861
13869
13880
13881
13887
13891
13899
13903
13908
13920
13935
13943
13955
13959
13968
13978
13981
13997
14005
14008
14018
14019
14026
14028
14039
14044
14047
14050
14052
14072
14076
14077
14080
14082
14089
14094
14095
14105
14114
14115
14121
14135
14153
14157
14173
14189
14190
14192
14194
14204
14217
14218
14226
14231
14233
14251
14256
14258
14268
14270
14275
14284
14286
14290
14296
14299
14300
14304
14305
14312
14318
14326
14327
14338
14341
14344
14354
14355
14379
14381
14384
14388
14392
14394
14398
14403
14405
14422
14429
14435
14443
14451
14456
14461
14470
14473
14476
14479
14488
14491
14495
14497
14504
14509
14511
14521
14530
14538
14540
14546
14548
14557
14560
14561
14564
14566
14570
14572
14575
14577
14587
14589
14593
14595
14611
14613
14618
14624
14628
14629
14639
14655
14661
14674
14680
14682
14688
14696
14699
14703
14718
14721
14729
14737
14748
14750
14752
14771
14787
14791
14795
14800
14801
14804
14822
14833
14840
14841
14848
14852
14856
14870
14893
14902
14907
14908
14917
14930
14936
14939
14950
14959
14966
14973
14974
14984
15018
15035
15036
15039
15043
15054
15071
15074
15079
15083
15089
15090
15102
15114
15126
15130
15133
15139
15146
15148
15152
15157
15159
15160
15178
15182
15194
15206
15208
15215
15216
15225
15233
15236
15250
15251
15255
15259
15263
15276
15291
15299
15300
15304
15306
15312
15331
15337
15341
15347
15349
15366
15367
15368
15376
15385
15386
15400
15405
15409
15417
15423
15426
15431
15432
15433
15459
15467
15468
15474
15487
15492
15496
15499
15503
15504
15506
15512
15522
15531
15534
15553
15558
15561
15574
15585
15589
15591
15593
15599
15600
15604
15611
15622
15624
15627
15636
15637
15646
15648
15651
15662
15663
15665
15673
15681
15685
15687
15695
15701
15702
15703
15714
15726
15731
15741
15744
15762
15763
15770
15771
15778
15782
15791
15806
15808
15815
15817
15823
15833
15838
15843
15846
15847
15849
15851
15865
15891
15896
15903
15915
15918
15925
15932
15936
15950
15957
15968
15971
15982
15983
15994
15998
16017
16021
16023
16028
16044
16050
16053
16058
16061
16065
16076
16083
16088
16096
16099
16102
16104
16106
16115
16124
16131
16135
16147
16148
16152
16177
16187
16193
16201
16211
16217
16233
16238
16255
16263
16265
16276
16280
16281
16288
16292
16296
16302
16307
16308
16342
16349
16360
16362
16364
16373
16376
16378
16379
16383
16387
16405
16412
16414
16422
16428
16430
16431
16437
16439
16442
16450
16455
16462
16463
16472
16482
16486
16494
16501
16506
16516
16519
16539
16540
16541
16550
16556
16559
16561
16566
16570
16571
16580
16583
16589
16590
16596
16600
16613
16616
16623
16639
16640
16646
16655
16656
16657
16660
16661
16663
16672
16677
16691
16692
16698
16701
16703
16707
16724
16744
16746
16756
16764
16770
16794
16800
16806
16816
16833
16838
16843
16845
16852
16854
16856
16866
16867
16879
16886
16887
16900
16902
16905
16908
16914
16923
16924
16926
16927
16929
16932
16936
16941
16949
16955
16958
16968
16971
16976
16977
16989
16994
16995
16997
16999
17001
17009
17010
17013
17026
17038
17046
17054
17059
17065
17067
17070
17078
17081
17082
17088
17097
17108
17119
17122
17128
17129
17130
17132
17139
17146
17147
17153
17167
17180
17189
17193
17195
17196
17197
17213
17215
17221
17225
17229
17234
17235
17255
17259
17263
17264
17280
17304
17306
17311
17330
17331
17336
17339
17340
17344
17358
17362
17373
17377
17381
17388
17399
17400
17415
17420
17424
17429
17431
17432
17436
17442
17448
17454
17460
17469
17481
17485
17491
17498
17499
17511
17518
17528
17530
17539
17544
17545
17551
17554
17560
17567
17578
17579
17582
17584
17585
17588
17591
17593
17604
17606
17610
17631
17633
17634
17636
17638
17644
17663
17670
17672
17682
17683
17700
17701
17711
17712
17721
17723
17733
17737
17740
17743
17758
17763
17767
17783
17786
17787
17793
17815
17816
17825
17846
17847
17848
17850
17868
17874
17875
17889
17890
17891
17907
17930
17936
17937
17949
17958
17973
17975
17978
17981
17989
17990
17993
17998
18001
18003
18009
18011
18013
18016
18027
18034
18047
18073
18109
18114
18124
18126
18129
18130
18131
18142
18146
18159
18165
18169
18174
18188
18190
18193
18200
18206
18208
18209
18221
18222
18224
18235
18237
18240
18243
18248
18252
18258
18285
18289
18292
18308
18314
18315
18316
18317
18322
18337
18339
18348
18353
18360
18374
18375
18378
18398
18402
18429
18435
18437
18440
18441
18460
18467
18475
18485
18486
18495
18502
18503
18505
18506
18516
18519
18537
18541
18546
18547
18564
18567
18573
18576
18578
18580
18583
18584
18585
18596
18602
18603
18605
18617
18625
18632
18656
18668
18677
18683
18690
18708
18709
18713
18737
18739
18742
18746
18751
18759
18766
18775
18779
18788
18789
18793
18794
18801
18806
18824
18827
18833
18841
18857
18861
18864
18887
18892
18897
18904
18909
18924
18949
18951
18957
18963
18994
19000
19006
19014
19021
19024
19029
19041
19042
19047
19060
19064
19065
19074
19103
19125
19147
19148
19152
19156
19158
19161
19165
19171
19173
19177
19185
19196
19213
19214
19224
19225
19229
19232
19237
19251
19255
19262
19271
19275
19282
19287
19288
19291
19293
19309
19315
19316
19318
19329
19331
19332
19338
19340
19353
19355
19358
19361
19371
19379
19387
19389
19394
19397
19403
19412
19418
19421
19429
19432
19433
19435
19440
19444
19447
19449
19467
19468
19493
19496
19506
19507
19508
19528
19536
19548
19554
19555
19563
19566
19573
19574
19575
19584
19595
19599
19601
19603
19611
19619
19624
19632
19639
19643
19650
19660
19673
19675
19677
19681
19682
19683
19688
19699
19704
19709
19710
19714
19721
19722
19727
19731
19732
19737
19742
19746
19747
19756
19761
19763
19764
19777
19812
19815
19828
19846
19849
19856
19857
19858
19866
19870
19872
19879
19887
19888
19902
19906
19927
19930
19933
19937
19947
19949
19953
19955
19957
19961
19963
19965
19982
19983
19985
19997
20008
20010
20021
20041
20060
20063
20068
20081
20090
20092
20099
20104
20111
20142
20145
20146
20148
20155
20163
20171
20181
20203
20208
20217
20224
20225
20228
20233
20247
20254
20255
20259
20260
20261
20272
20274
20284
20290
20297
20303
20309
20312
20315
20321
20326
20335
20378
20390
20408
20425
20433
20456
20461
20465
20468
20474
20497
20500
20513
20515
20519
20520
20521
20522
20525
20530
20535
20555
20556
20565
20570
20574
20575
20584
20596
20597
20607
20616
20617
20618
20621
20626
20627
20634
20635
20647
20654
20656
20658
20662
20664
20666
20668
20669
20671
20685
20696
20702
20719
20741
20746
20748
20751
20765
20767
20784
20789
20794
20795
20797
20800
20805
20816
20824
20825
20828
20837
20840
20842
20864
20865
20873
20888
20903
20905
20906
20908
20909
20910
20917
20925
20927
20929
20937
20963
20967
20968
20971
20973
20985
21000
21019
21022
21026
21034
21037
21061
21072
21089
21098
21099
21103
21108
21117
21120
21135
21138
21147
21152
21153
21154
21160
21162
21163
21165
21168
21174
21180
21187
21195
21200
21204
21206
21211
21212
21214
21229
21240
21245
21248
21262
21264
21265
21266
21274
21275
21281
21282
21290
21295
21302
21306
21312
21313
21314
21324
21329
21333
21341
21345
21349
21354
21355
21357
21360
21362
21368
21375
21386
21399
21432
21437
21445
21457
21459
21461
21471
21472
21475
21483
21495
21497
21501
21526
21528
21536
21543
21544
21550
21552
21557
21558
21566
21577
21580
21581
21585
21586
21588
21592
21603
21609
21610
21628
21630
21635
21641
21649
21663
21671
21683
21687
21693
21696
21699
21701
21702
21703
21714
21716
21724
21730
21751
21764
21772
21787
21801
21810
21818
21821
21823
21830
21836
21850
21857
21863
21865
21867
21875
21876
21878
21880
21888
21896
21901
21907
21912
21916
21932
21944
21946
21949
21958
21959
21970
21972
21974
21975
21979
21983
21989
21991
21995
22003
22013
22017
22019
22023
22024
22033
22057
22062
22068
22075
22088
22092
22093
22099
22106
22125
22128
22134
22136
22161
22170
22177
22196
22207
22219
22223
22225
22234
22247
22252
22253
22255
22256
22262
22264
22272
22280
22287
22292
22296
22298
22307
22319
22324
22331
22332
22334
22348
22349
22352
22355
22357
22358
22371
22378
22387
22390
22391
22433
22434
22441
22444
22459
22461
22491
22495
22530
22538
22541
22552
22560
22566
22578
22583
22584
22585
22587
22590
22594
22601
22604
22610
22621
22627
22629
22631
22637
22641
22647
22649
22654
22659
22663
22672
22680
22681
22690
22701
22710
22719
22721
22727
22729
22733
22736
22748
22752
22762
22766
22772
22784
22793
22794
22798
22804
22807
22808
22816
22824
22828
22833
22857
22858
22865
22869
22870
22884
22886
22891
22893
22903
22905
22909
22911
22915
22922
22928
22931
22935
22936
22949
22951
22952
22953
22954
22955
22964
22974
22977
22980
22984
22985
22988
22992
22995
23001
23008
23010
23012
23018
23019
23026
23027
23036
23038
23040
23052
23053
23054
23057
23061
23063
23064
23069
23072
23086
23091
23093
23095
23107
23108
23111
23121
23124
23138
23148
23158
23169
23180
23187
23194
23197
23206
23211
23212
23222
23227
23241
23248
23252
23261
23284
23299
23303
23313
23320
23324
23333
23341
23343
23344
23357
23367
23374
23379
23380
23381
23386
23388
23390
23408
23412
23415
23421
23426
23441
23442
23452
23454
23457
23461
23463
23473
23478
23486
23488
23491
23505
23517
23520
23539
23544
23547
23550
23558
23573
23586
23597
23604
23608
23610
23615
23617
23622
23634
23638
23639
23641
23649
23651
23653
23654
23660
23666
23668
23677
23703
23718
23724
23725
23726
23729
23741
23743
23744
23748
23754
23761
23766
23772
23787
23796
23800
23802
23813
23822
23823
23824
23833
23837
23839
23852
23902
23904
23919
23931
23950
23955
23963
23968
23974
23978
23985
23987
23995
23997
24001
24004
24012
24013
24017
24027
24031
24039
24047
24052
24056
24061
24063
24068
24069
24074
24080
24082
24085
24093
24099
24120
24124
24128
24129
24131
24158
24159
24162
24175
24177
24183
24185
24194
24200
24217
24235
24244
24250
24262
24268
24269
24270
24272
24275
24291
24292
24294
24306
24307
24341
24349
24353
24354
24357
24365
24370
24376
24378
24381
24385
24403
24405
24407
24417
24425
24431
24432
24433
24444
24449
24451
24461
24466
24481
24483
24486
24488
24496
24498
24501
24505
24514
24521
24527
24536
24537
24538
24539
24546
24549
24558
24560
24583
24584
24585
24589
24592
24595
24598
24601
24611
24619
24622
24626
24628
24633
24655
24657
24665
24668
24669
24673
24675
24680
24698
24706
24718
24745
24747
24750
24760
24763
24764
24768
24769
24770
24783
24784
24788
24795
24801
24804
24822
24832
24834
24836
24838
24840
24858
24859
24861
24865
24890
24895
24899
24917
24918
24928
24931
24937
24941
24955
24964
24987
24993
